      0.0000000000000000     -3.0000000000000000    -5    -5    -5     2     3     5
     -0.8660254037844393     -2.5000000000000000    -5    -5     1     4     5     8
      0.8660254037844393     -2.5000000000000000    -5     1    -5     5     6     9
     -1.7320508075688767     -2.0000000000000000    -5    -5     2     7     8    11
      0.0000000000000000     -2.0000000000000000     1     2     3     8     9    12
      1.7320508075688767     -2.0000000000000000    -5     3    -5     9    10    13
     -2.5980762113533160     -1.5000000000000000    -5    -5     4    -5    11    14
     -0.8660254037844393     -1.5000000000000000     2     4     5    11    12    15
      0.8660254037844393     -1.5000000000000000     3     5     6    12    13    16
      2.5980762113533160     -1.5000000000000000    -5     6    -5    13    -5    17
     -1.7320508075688767     -1.0000000000000000     4     7     8    14    15    18
      0.0000000000000000     -1.0000000000000000     5     8     9    15    16    19
      1.7320508075688767     -1.0000000000000000     6     9    10    16    17    20
     -2.5980762113533160     -0.5000000000000000     7    -5    11    -5    18    21
     -0.8660254037844393     -0.5000000000000000     8    11    12    18    19    22
      0.8660254037844393     -0.5000000000000000     9    12    13    19    20    23
      2.5980762113533160     -0.5000000000000000    10    13    -5    20    -5    24
     -1.7320508075688767      0.0000000000000000    11    14    15    21    22    25
      0.0000000000000000      0.0000000000000000    12    15    16    22    23    26
      1.7320508075688767      0.0000000000000000    13    16    17    23    24    27
     -2.5980762113533160      0.5000000000000000    14    -5    18    -5    25    28
     -0.8660254037844393      0.5000000000000000    15    18    19    25    26    29
      0.8660254037844393      0.5000000000000000    16    19    20    26    27    30
      2.5980762113533160      0.5000000000000000    17    20    -5    27    -5    31
     -1.7320508075688767      1.0000000000000000    18    21    22    28    29    32
      0.0000000000000000      1.0000000000000000    19    22    23    29    30    33
      1.7320508075688767      1.0000000000000000    20    23    24    30    31    34
     -2.5980762113533160      1.5000000000000000    21    -5    25    -5    32    -5
     -0.8660254037844393      1.5000000000000000    22    25    26    32    33    35
      0.8660254037844393      1.5000000000000000    23    26    27    33    34    36
      2.5980762113533160      1.5000000000000000    24    27    -5    34    -5    -5
     -1.7320508075688767      2.0000000000000000    25    28    29    -5    35    -5
      0.0000000000000000      2.0000000000000000    26    29    30    35    36    37
      1.7320508075688767      2.0000000000000000    27    30    31    36    -5    -5
     -0.8660254037844393      2.5000000000000000    29    32    33    -5    37    -5
      0.8660254037844393      2.5000000000000000    30    33    34    37    -5    -5
      0.0000000000000000      3.0000000000000000    33    35    36    -5    -5    -5
