0 -3
-0.866025 -2.5
0.866025 -2.5
-1.73205 -2
0 -2
1.73205 -2
-2.59808 -1.5
-0.866025 -1.5
0.866025 -1.5
2.59808 -1.5
-1.73205 -1
0 -1
1.73205 -1
-2.59808 -0.5
-0.866025 -0.5
0.866025 -0.5
2.59808 -0.5
-1.73205 0
0 0
1.73205 0
-2.59808 0.5
-0.866025 0.5
0.866025 0.5
2.59808 0.5
-1.73205 1
0 1
1.73205 1
-2.59808 1.5
-0.866025 1.5
0.866025 1.5
2.59808 1.5
-1.73205 2
0 2
1.73205 2
-0.866025 2.5
0.866025 2.5
0 3




Configuratia nr: 1



-0.25238 -3.44291
-1.30236 -2.99311
0.604311 -2.99311
-2.1622 -2.49668
-0.566307 -2.54749
1.46415 -2.49668
-3.01546 -1.84765
-1.41381 -2.0431
0.305438 -2.0431
2.5107 -1.84765
-2.28206 -1.5569
-0.540496 -1.54134
1.14945 -1.5569
-3.11553 -0.845452
-1.40725 -1.04092
0.326259 -1.04092
2.41748 -0.845452
-2.27344 -0.554188
-0.553151 -0.553151
1.16506 -0.554188
-3.11553 0.147401
-1.40725 -0.0400747
0.326259 -0.0400747
2.41748 0.147401
-2.28206 0.424285
-0.540496 0.460347
1.14945 0.424285
-3.01546 1.34289
-1.41381 0.934727
0.305438 0.934727
2.5107 1.34289
-2.1622 1.79863
-0.566307 1.41488
1.46415 1.79863
-1.30236 2.29506
0.604311 2.29506
-0.25238 2.93815




Configuratia nr: 2



-0.472886 -3.91059
-1.77943 -3.53327
0.388746 -3.53327
-2.61102 -3.05315
-1.30242 -3.18679
1.22034 -3.05315
-3.45002 -2.19174
-2.04797 -2.65399
-0.392287 -2.65399
2.50425 -2.19174
-2.93433 -2.24461
-1.12469 -2.13841
0.32949 -2.24461
-3.6951 -1.17546
-2.00259 -1.63155
-0.246786 -1.63155
2.30442 -1.17546
-2.87581 -1.22013
-1.18076 -1.18076
0.435555 -1.22013
-3.6951 -0.215222
-2.00259 -0.617832
-0.246786 -0.617832
2.30442 -0.215222
-2.93433 -0.360237
-1.12469 -0.110974
0.32949 -0.360237
-3.45002 1.24597
-2.04797 0.213735
-0.392287 0.213735
2.50425 1.24597
-2.61102 1.66247
-1.30242 0.581947
1.22034 1.66247
-1.77943 2.14259
0.388746 2.14259
-0.472886 2.96482




Configuratia nr: 3



-0.604642 -4.34132
-2.23724 -4.05889
0.30033 -4.05889
-3.01046 -3.61247
-2.24606 -3.88875
1.07355 -3.61247
-3.8407 -2.47298
-2.71578 -3.26609
-1.21229 -3.26609
2.63142 -2.47298
-3.66867 -3.06741
-1.65091 -2.72253
-0.823461 -3.06741
-4.27924 -1.41487
-2.57896 -2.18672
-0.722857 -2.18672
2.34234 -1.41487
-3.46752 -1.96403
-1.85427 -1.85427
-0.46054 -1.96403
-4.27924 -0.522035
-2.57896 -1.1151
-0.722857 -1.1151
2.34234 -0.522035
-3.66867 -1.42472
-1.65091 -0.579286
-0.823461 -1.42472
-3.8407 1.2637
-2.71578 -0.66197
-1.21229 -0.66197
2.63142 1.2637
-3.01046 1.67556
-2.24606 -0.603383
1.07355 1.67556
-2.23724 2.12198
0.30033 2.12198
-0.604642 3.13204




Configuratia nr: 4



-0.607945 -4.71739
-2.65024 -4.55901
0.420969 -4.55901
-3.32975 -4.1667
-3.57967 -4.71477
1.10048 -4.1667
-4.16683 -2.66267
-3.42097 -3.85891
-2.22449 -3.85891
2.95094 -2.66267
-4.56269 -4.14722
-2.03033 -3.27823
-2.59665 -4.14722
-4.86536 -1.50695
-3.11104 -2.65428
-0.949617 -2.65428
2.63608 -1.50695
-4.01921 -2.82273
-2.67392 -2.67392
-1.62625 -2.82273
-4.86536 -0.72232
-3.11104 -1.40638
-0.949617 -1.40638
2.63608 -0.72232
-4.56269 -3.01212
-2.03033 -0.78243
-2.59665 -3.01212
-4.16683 1.44678
-3.42097 -1.78655
-2.22449 -1.78655
2.95094 1.44678
-3.32975 1.93743
-3.57967 -2.44457
1.10048 1.93743
-2.65024 2.32974
0.420969 2.32974
-0.607945 3.5015




Configuratia nr: 5



-0.418299 -5.00884
-2.96303 -5.01548
0.891492 -5.01548
-3.51867 -4.69468
-5.65281 -5.78954
1.44713 -4.69468
-4.39383 -2.71357
-4.15588 -4.38055
-3.54206 -4.38055
3.55723 -2.71357
-5.77123 -5.72118
-2.07676 -3.77412
-5.53439 -5.72118
-5.44593 -1.35657
-3.54672 -2.92544
-0.606801 -2.92544
3.37439 -1.35657
-4.46278 -3.84897
-3.90735 -3.90735
-3.23516 -3.84897
-5.44593 -0.714975
-3.54672 -1.22808
-0.606801 -1.22808
3.37439 -0.714975
-5.77123 -5.58444
-2.07676 -0.379397
-5.53439 -5.58444
-4.39383 1.87697
-4.15588 -3.31739
-3.54206 -3.31739
3.55723 1.87697
-3.51867 2.62314
-5.65281 -5.51607
1.44713 2.62314
-2.96303 2.94394
0.891492 2.94394
-0.418299 4.17225




Configuratia nr: 6



0.0738333 -5.16173
-3.05923 -5.39872
1.95692 -5.39872
-3.49523 -5.14699
-9.14028 -7.36748
2.39292 -5.14699
-4.46029 -2.54395
-4.88135 -4.70978
-5.3501 -4.70978
4.60796 -2.54395
-7.60499 -8.25388
-1.40304 -4.14033
-10.6756 -8.25388
-6.0033 -0.802882
-3.7736 -2.77169
0.967512 -2.77169
4.901 -0.802882
-4.64698 -5.11573
-6.21644 -6.21644
-5.58447 -5.11573
-6.0033 -0.299426
-3.7736 -0.0344033
0.967512 -0.0344033
4.901 -0.299426
-7.60499 -10.0267
-1.40304 1.33424
-10.6756 -10.0267
-4.46029 2.69161
-4.88135 -5.52167
-5.3501 -5.52167
4.60796 2.69161
-3.49523 4.04468
-9.14028 -10.9131
2.39292 4.04468
-3.05923 4.29641
1.95692 4.29641
0.0738333 5.30939




Configuratia nr: 7



1.06251 -5.07334
-2.69942 -5.6613
4.04864 -5.6613
-3.12544 -5.41534
-15.3534 -9.97014
4.47466 -5.41534
-4.25129 -2.00541
-5.48255 -4.57743
-7.9554 -4.57743
6.3763 -2.00541
-10.6914 -12.6618
0.793469 -4.21228
-20.0154 -12.6618
-6.49947 0.428651
-3.54164 -1.70941
5.12858 -1.70941
7.84869 0.428651
-4.24613 -6.71898
-11.1627 -11.1627
-9.19182 -6.71898
-6.49947 0.920575
-3.54164 3.29635
5.12858 3.29635
7.84869 0.920575
-10.6914 -18.045
0.793469 5.79922
-20.0154 -18.045
-4.25129 4.13043
-5.48255 -8.86053
-7.9554 -8.86053
6.3763 4.13043
-3.12544 6.76457
-15.3534 -20.7366
4.47466 6.76457
-2.69942 7.01053
4.04864 7.01053
1.06251 7.19835




Configuratia nr: 8



2.90441 -4.53989
-1.398 -5.72782
7.9356 -5.72782
-2.1891 -5.27107
-26.8552 -14.6717
8.7267 -5.27107
-3.54255 -0.817741
-5.67567 -3.40641
-11.8754 -3.40641
9.35137 -0.817741
-16.304 -20.7635
6.17661 -3.59347
-37.4064 -20.7635
-6.8559 2.81206
-2.28453 1.29157
14.6378 1.29157
13.3935 2.81206
-2.57581 -8.77552
-22.3171 -22.3171
-14.9752 -8.77552
-6.8559 3.72554
-2.28453 11.0617
14.6378 11.0617
13.3935 3.72554
-16.304 -32.9469
6.17661 15.9467
-37.4064 -32.9469
-3.54255 6.62656
-5.67567 -14.1446
-11.8754 -14.1446
9.35137 6.62656
-2.1891 11.8087
-26.8552 -39.0387
8.7267 11.8087
-1.398 12.2654
7.9356 12.2654
2.90441 10.3487




Configuratia nr: 9



6.27496 -3.14575
1.82144 -5.4776
15.006 -5.4776
-0.320369 -4.24103
-48.6812 -23.6929
17.1478 -4.24103
-1.88361 1.56461
-4.8185 0.00738072
-18.003 0.00738072
14.4335 1.56461
-27.0407 -36.1871
18.1994 -1.32662
-70.3218 -36.1871
-6.91267 7.17716
1.28937 8.43639
35.1095 8.43639
23.7401 7.17716
1.77378 -11.4108
-47.6726 -47.6726
-24.5953 -11.4108
-6.91267 9.65031
1.28937 27.9624
35.1095 27.9624
23.7401 9.65031
-27.0407 -61.1754
18.1994 37.7255
-70.3218 -61.1754
-1.88361 10.9853
-4.8185 -22.8289
-18.003 -22.8289
14.4335 10.9853
-0.320369 21.0685
-48.6812 -73.6696
17.1478 21.0685
1.82144 22.3051
15.006 22.3051
6.27496 15.6957




Configuratia nr: 10



12.482 -0.0294403
8.91237 -4.71175
27.8 -4.71175
3.10069 -1.35637
-90.7678 -41.6379
33.6117 -1.35637
1.64678 6.2263
-1.53859 8.12016
-27.9268 8.12016
23.3173 6.2263
-48.2201 -66.2029
44.0409 4.88084
-133.316 -66.2029
-6.34314 15.0008
10.1273 24.4609
77.9545 24.4609
43.0556 15.0008
11.6555 -14.7327
-104.846 -104.846
-41.1209 -14.7327
-6.34314 21.7116
10.1273 63.6209
77.9545 63.6209
43.0556 21.7116
-48.2201 -115.333
44.0409 83.2009
-133.316 -115.333
1.64678 18.7378
-1.53859 -37.5856
-27.9268 -37.5856
23.3173 18.7378
3.10069 38.0688
-90.7678 -139.898
33.6117 38.0688
8.91237 41.4242
27.8 41.4242
12.482 24.9935




Configuratia nr: 11



24.0985 6.60808
23.7749 -3.08089
51.0299 -3.08089
9.15661 5.35896
-172.794 -78.0719
65.6482 5.35896
8.95135 15.3533
6.97203 25.841
-44.5789 25.841
39.2456 15.3533
-90.7623 -125.433
98.6565 20.4554
-254.826 -125.433
-4.47093 28.9626
30.9323 59.5559
166.381 59.5559
79.2757 28.9626
32.7475 -18.8034
-232.235 -232.235
-70.3543 -18.8034
-4.47093 45.8422
30.9323 137.757
166.381 137.757
79.2757 45.8422
-90.7623 -220.155
98.6565 176.858
-254.826 -220.155
8.95135 32.8437
6.97203 -63.4478
-44.5789 -63.4478
39.2456 32.8437
9.15661 69.4458
-172.794 -267.516
65.6482 69.4458
23.7749 77.8857
51.0299 77.8857
24.0985 41.5889




Configuratia nr: 12



46.2379 20.5318
54.1956 0.0882286
93.5616 0.0882286
19.8158 19.9374
-333.853 -152.888
127.941 19.9374
23.9758 33.3848
26.2416 62.7887
-73.6067 62.7887
68.5 33.3848
-177.132 -243.37
213.265 58.0838
-490.574 -243.37
0.13277 54.0294
78.8741 135.674
347.656 135.674
147.624 54.0294
76.1658 -23.6826
-512.832 -512.832
-123.531 -23.6826
0.13277 93.7278
78.8741 290.856
347.656 290.856
147.624 93.7278
-177.132 -424.336
213.265 368.446
-490.574 -424.336
23.9758 59.0909
26.2416 -110.154
-73.6067 -110.154
68.5 59.0909
19.8158 127.82
-333.853 -514.819
127.941 127.82
54.1956 147.669
93.5616 147.669
46.2379 71.9439




Configuratia nr: 13



89.126 49.6102
115.748 6.22994
172.312 6.22994
38.8326 50.6368
-651.793 -307.467
249.227 50.6368
54.9043 69.3681
66.7381 137.423
-126.377 137.423
123.348 69.3681
-353.598 -479.63
453.163 147.086
-949.988 -479.63
10.5506 99.6227
188.093 300.125
718.233 300.125
277.509 99.6227
163.296 -29.8194
-1124.92 -1124.92
-222.934 -29.8194
10.5506 188.436
188.093 606.201
718.233 606.201
277.509 188.436
-353.598 -823.956
453.163 759.24
-949.988 -823.956
54.9043 108.884
66.7381 -197.062
-126.377 -197.062
123.348 108.884
38.8326 237.422
-651.793 -996.119
249.227 237.422
115.748 281.829
172.312 281.829
89.126 128.642




Configuratia nr: 14



173.274 110.232
239.666 18.655
320.005 18.655
73.7314 114.457
-1281.92 -627.864
485.939 114.457
118.678 141.753
147.407 284.351
-226.731 284.351
227.869 141.753
-715.491 -954.893
955.177 354.53
-1848.35 -954.893
33.5617 184.033
435.002 654.854
1475.35 654.854
526.109 184.033
334.476 -39.6624
-2449.76 -2449.76
-413.8 -39.6624
33.5617 375.638
435.002 1255.5
1475.35 1255.5
526.109 375.638
-715.491 -1608.95
955.177 1555.82
-1848.35 -1608.95
118.678 204.794
147.407 -363.675
-226.731 -363.675
227.869 204.794
73.7314 445.214
-1281.92 -1935.98
485.939 445.214
239.666 541.016
320.005 541.016
173.274 236.315




Configuratia nr: 15



339.854 236.379
488.833 45.3784
600.789 45.3784
140.279 246.616
-2534.49 -1292.84
949.343 246.616
250.242 288.116
300.524 566.619
-426.463 566.619
429.465 288.116
-1459.19 -1913.66
2006.53 832.468
-3609.8 -1913.66
84.3008 343.573
989.763 1419.5
3023.3 1419.5
1005.32 343.573
664.017 -62.9698
-5299.84 -5299.84
-789.957 -62.9698
84.3008 746.049
989.763 2593.57
3023.3 2593.57
1005.32 746.049
-1459.19 -3155.32
2006.53 3180.6
-3609.8 -3155.32
250.242 391.591
300.524 -692.559
-426.463 -692.559
429.465 391.591
140.279 843.006
-2534.49 -3776.15
949.343 843.006
488.833 1044.24
600.789 1044.24
339.854 443.328




Configuratia nr: 16



671.436 498.132
990.394 106.19
1141.97 106.19
272.698 520.552
-5029.79 -2673.15
1859.66 520.552
521.35 584.784
576.082 1094.83
-841.163 1094.83
821.522 584.784
-2988.88 -3851.47
4211.19 1923.01
-7070.71 -3851.47
196.911 651.819
2229.57 3067.1
6192.81 3067.1
1935.45 651.819
1284.7 -132.541
-11402.5 -11402.5
-1549.79 -132.541
196.911 1480.54
2229.57 5355.28
6192.81 5355.28
1935.45 1480.54
-2988.88 -6208.12
4211.19 6499.36
-7070.71 -6208.12
521.35 758.088
576.082 -1359.91
-841.163 -1359.91
821.522 758.088
272.698 1611.81
-5029.79 -7386.44
1859.66 1611.81
990.394 2026.17
1141.97 2026.17
671.436 844.74




Configuratia nr: 17



1333.25 1039.22
2002.62 250.055
2199.08 250.055
547.13 1090.38
-10008.4 -5536.29
3654.57 1090.38
1078.61 1186.24
1038.04 2052.58
-1733.75 2052.58
1587.9 1186.24
-6135.44 -7772.36
8841.13 4390.96
-13881.4 -7772.36
448.9 1260.52
4987.17 6616.04
12695.1 6616.04
3752.8 1260.52
2423.93 -347.854
-24423.4 -24423.4
-3119.64 -347.854
448.9 2941.18
4987.17 11066.2
12695.1 11066.2
3752.8 2941.18
-6135.44 -12244.5
8841.13 13291.3
-13881.4 -12244.5
1078.61 1480.27
1038.04 -2748.29
-1733.75 -2748.29
1587.9 1480.27
547.13 3111.32
-10008.4 -14480.6
3654.57 3111.32
2002.62 3951.64
2199.08 3951.64
1333.25 1627.29




Configuratia nr: 18



2654.9 2152.64
4052.67 597.263
4290.36 597.263
1135.54 2281.47
-19951.4 -11467.3
7207.49 2281.47
2219.93 2403.77
1727.76 3717.95
-3709.54 3717.95
3089.87 2403.77
-12603.9 -15709.3
18579.4 9936.81
-27298.8 -15709.3
1016.7 2487.31
11094.7 14258.1
26064.1 14258.1
7326.33 2487.31
4446.41 -990.891
-52133.1 -52133.1
-6428.19 -990.891
1016.7 5855.72
11094.7 22900.7
26064.1 22900.7
7326.33 5855.72
-12603.9 -24193.4
18579.4 27222
-27298.8 -24193.4
2219.93 2906.03
1727.76 -5699.73
-3709.54 -5699.73
3089.87 2906.03
1135.54 6061.56
-19951.4 -28435.5
7207.49 6061.56
4052.67 7745.77
4290.36 7745.77
2654.9 3157.16




Configuratia nr: 19



5291.09 4431.98
8221.74 1440.11
8476.45 1440.11
2429.41 4784.31
-39817.7 -23730.5
14268.8 4784.31
4547.08 4861.53
2524.06 6439.04
-8171.88 6439.04
6035.1 4861.53
-25885.8 -31774.1
39094 22324.4
-53749.5 -31774.1
2302.06 5004.9
24571.1 30709.2
53616.9 30709.2
14396.1 5004.9
7872.03 -2823.91
-110991 -110991
-13519.8 -2823.91
2302.06 11693.3
24571.1 47478.8
53616.9 47478.8
14396.1 11693.3
-25885.8 -47861.2
39094 55863.6
-53749.5 -47861.2
4547.08 5720.64
2524.06 -12086.9
-8171.88 -12086.9
6035.1 5720.64
2429.41 11913.9
-39817.7 -55904.8
14268.8 11913.9
8221.74 15258.1
8476.45 15258.1
5291.09 6150.2




Configuratia nr: 20



10535.9 9071.78
16737.8 3480.34
16945.6 3480.34
5322.38 10071
-79509.8 -49028.9
28361 10071
9267.94 9803.84
2710.75 10432.1
-18384.3 10432.1
11803.8 9803.84
-53112.5 -64269.3
82375.7 49853.2
-105907 -64269.3
5218.46 10251
54210.4 66114.5
110541 66114.5
28465 10251
13258.3 -7836.79
-235850 -235850
-28931.9 -7836.79
5218.46 23432.4
54210.4 98637
110541 98637
28465 23432.4
-53112.5 -94750.2
82375.7 114898
-105907 -94750.2
9267.94 11267.9
2710.75 -26105.7
-18384.3 -26105.7
11803.8 11267.9
5322.38 23612.4
-79509.8 -109991
28361 23612.4
16737.8 30203.1
16945.6 30203.1
10535.9 12000




Configuratia nr: 21



20931.8 18459.1
34213 8383.17
34244.1 8383.17
11853.6 21292.4
-158774 -101079
56603.5 21292.4
18790.3 19695.4
-234.704 15031
-41941.4 15031
23073.2 19695.4
-108809 -129927
173828 110766
-208739 -129927
11838 21319.3
119215 142297
228442 142297
56619.1 21319.3
20618.6 -21088
-500505 -500505
-62794.7 -21088
11838 47137.7
119215 205359
228442 205359
56619.1 47137.7
-108809 -187622
173828 236890
-208739 -187622
18790.3 22168.2
-234.704 -57207.1
-41941.4 -57207.1
23073.2 22168.2
11853.6 47164.7
-158774 -216469
56603.5 47164.7
34213 60073.9
34244.1 60073.9
20931.8 23404.5




Configuratia nr: 22



41438.7 37326.7
70236.3 20057.7
69874 20057.7
26665.5 45213.3
-316914 -207850
113445 45213.3
37877.6 39382.7
-13847.4 16404.9
-96497.9 16404.9
44999.7 39382.7
-222462 -262382
367346 245059
-411367 -262382
26846.6 44899.5
261442 306202
473250 306202
113264 44899.5
27477.9 -55172.6
-1.06124e+06 -1.06124e+06
-137823 -55172.6
26846.6 95210.7
261442 428489
473250 428489
113264 95210.7
-222462 -371447
367346 489633
-411367 -371447
37877.6 43494.7
-13847.4 -126750
-96497.9 -126750
44999.7 43494.7
26665.5 94897
-316914 -425979
113445 94897
70236.3 120053
69874 120053
41438.7 45550.6




Configuratia nr: 23



81650.1 74977.4
144826 47592.1
143798 47592.1
60293 96397.4
-631974 -426130
228331 96397.4
75871.4 78313.7
-58853 1234.24
-223014 1234.24
87428.8 78313.7
-453708 -529052
777426 540230
-810240 -529052
60807.2 95506.7
572008 658828
982843 658828
227817 95506.7
23227.7 -140934
-2.24917e+06 -2.24917e+06
-305095 -140934
60807.2 193117
572008 896024
982843 896024
227817 193117
-453708 -734896
777426 1.01462e+06
-810240 -734896
75871.4 84986.4
-58853 -283102
-223014 -283102
87428.8 84986.4
60293 192227
-631974 -837818
228331 192227
144826 241032
143798 241032
81650.1 88322.8




Configuratia nr: 24



159931 149515
299935 111937
298140 111937
136555 206264
-1.25847e+06 -870717
461520 206264
150910 154723
-189495 -69883.5
-516281 -69883.5
168952 154723
-922666 -1.0646e+06
1.64764e+06 1.18737e+06
-1.59428e+06 -1.0646e+06
137452 204710
1.24904e+06 1.41751e+06
2.04625e+06 1.41751e+06
460623 204710
-26102.5 -352888
-4.76616e+06 -4.76616e+06
-679674 -352888
137452 393365
1.24904e+06 1.87778e+06
2.04625e+06 1.87778e+06
460623 393365
-922666 -1.45235e+06
1.64764e+06 2.10792e+06
-1.59428e+06 -1.45235e+06
150910 165140
-189495 -635893
-516281 -635893
168952 165140
136555 391811
-1.25847e+06 -1.64623e+06
461520 391811
299935 486138
298140 486138
159931 170348




Configuratia nr: 25



310992 295755
623795 261029
622128 261029
309102 442717
-2.50127e+06 -1.7725e+06
936821 442717
297797 303374
-543099 -304470
-1.19505e+06 -304470
324188 303374
-1.87014e+06 -2.13689e+06
3.49688e+06 2.60325e+06
-3.13241e+06 -2.13689e+06
309936 441273
2.72297e+06 3.05006e+06
4.27078e+06 3.05006e+06
935987 441273
-217125 -869072
-1.01011e+07 -1.01011e+07
-1.52102e+06 -869072
309936 804649
2.72297e+06 3.94369e+06
4.27078e+06 3.94369e+06
935987 804649
-1.87014e+06 -2.86566e+06
3.49688e+06 4.39051e+06
-3.13241e+06 -2.86566e+06
297797 318611
-543099 -1.43367e+06
-1.19505e+06 -1.43367e+06
324188 318611
309102 803206
-2.50127e+06 -3.23004e+06
936821 803206
623795 984894
622128 984894
310992 326229




Configuratia nr: 26



599371 579705
1.30259e+06 603851
1.30537e+06 603851
698346 952713
-4.95928e+06 -3.59327e+06
1.90962e+06 952713
582340 589538
-1.45914e+06 -982028
-2.76265e+06 -982028
616403 589538
-3.77629e+06 -4.27628e+06
7.43192e+06 5.69578e+06
-6.14228e+06 -4.27628e+06
696956 955121
5.92838e+06 6.56385e+06
8.93547e+06 6.56385e+06
1.91101e+06 955121
-807391 -2.1109e+06
-2.1415e+07 -2.1415e+07
-3.4144e+06 -2.1109e+06
696956 1.65285e+06
5.92838e+06 8.3e+06
8.93547e+06 8.3e+06
1.91101e+06 1.65285e+06
-3.77629e+06 -5.64228e+06
7.43192e+06 9.16807e+06
-6.14228e+06 -5.64228e+06
582340 609204
-1.45914e+06 -3.23977e+06
-2.76265e+06 -3.23977e+06
616403 609204
698346 1.65525e+06
-4.95928e+06 -6.32529e+06
1.90962e+06 1.65525e+06
1.30259e+06 2.00412e+06
1.30537e+06 2.00412e+06
599371 619037




Configuratia nr: 27



1.14252e+06 1.12425e+06
2.73043e+06 1.38679e+06
2.75195e+06 1.38679e+06
1.57362e+06 2.05467e+06
-9.80303e+06 -7.25067e+06
3.90876e+06 2.05467e+06
1.1267e+06 1.13338e+06
-3.76206e+06 -2.80602e+06
-6.37401e+06 -2.80602e+06
1.15834e+06 1.13338e+06
-7.59263e+06 -8.52685e+06
1.58168e+07 1.24413e+07
-1.20134e+07 -8.52685e+06
1.56287e+06 2.0733e+06
1.28935e+07 1.4129e+07
1.87401e+07 1.4129e+07
3.91951e+06 2.0733e+06
-2.45608e+06 -5.06803e+06
-4.54243e+07 -4.54243e+07
-7.67998e+06 -5.06803e+06
1.56287e+06 3.40907e+06
1.28935e+07 1.75046e+07
1.87401e+07 1.75046e+07
3.91951e+06 3.40907e+06
-7.59263e+06 -1.10792e+07
1.58168e+07 1.91923e+07
-1.20134e+07 -1.10792e+07
1.1267e+06 1.15165e+06
-3.76206e+06 -7.33005e+06
-6.37401e+06 -7.33005e+06
1.15834e+06 1.15165e+06
1.57362e+06 3.4277e+06
-9.80303e+06 -1.23554e+07
3.90876e+06 3.4277e+06
2.73043e+06 4.09559e+06
2.75195e+06 4.09559e+06
1.14252e+06 1.16079e+06




Configuratia nr: 28



2.14794e+06 2.15279e+06
5.7439e+06 3.1642e+06
5.82503e+06 3.1642e+06
3.53553e+06 4.4392e+06
-1.9306e+07 -1.45548e+07
8.0334e+06 4.4392e+06
2.15214e+06 2.15037e+06
-9.42646e+06 -7.50656e+06
-1.46717e+07 -7.50656e+06
2.14374e+06 2.15037e+06
-1.51913e+07 -1.69304e+07
3.37074e+07 2.71389e+07
-2.34208e+07 -1.69304e+07
3.49496e+06 4.50946e+06
2.80189e+07 3.04231e+07
3.93958e+07 3.04231e+07
8.07396e+06 4.50946e+06
-6.80383e+06 -1.20491e+07
-9.64151e+07 -9.64151e+07
-1.72944e+07 -1.20491e+07
3.49496e+06 7.05947e+06
2.80189e+07 3.69916e+07
3.93958e+07 3.69916e+07
8.07396e+06 7.05947e+06
-1.51913e+07 -2.16817e+07
3.37074e+07 4.02758e+07
-2.34208e+07 -2.16817e+07
2.15214e+06 2.14551e+06
-9.42646e+06 -1.65916e+07
-1.46717e+07 -1.65916e+07
2.14374e+06 2.14551e+06
3.53553e+06 7.12973e+06
-1.9306e+07 -2.40573e+07
8.0334e+06 7.12973e+06
5.7439e+06 8.40473e+06
5.82503e+06 8.40473e+06
2.14794e+06 2.14309e+06




Configuratia nr: 29



3.96668e+06 4.0583e+06
1.21236e+07 7.17823e+06
1.23725e+07 7.17823e+06
7.9197e+06 9.60533e+06
-3.78508e+07 -2.90452e+07
1.65764e+07 9.60533e+06
4.04603e+06 4.01249e+06
-2.31302e+07 -1.92663e+07
-3.36867e+07 -1.92663e+07
3.88732e+06 4.01249e+06
-3.02249e+07 -3.3448e+07
7.19305e+07 5.91371e+07
-4.54767e+07 -3.3448e+07
7.79521e+06 9.82095e+06
6.08511e+07 6.55338e+07
8.30099e+07 6.55338e+07
1.67009e+07 9.82095e+06
-1.7852e+07 -2.84084e+07
-2.04805e+08 -2.04805e+08
-3.89649e+07 -2.84084e+07
7.79521e+06 1.46752e+07
6.08511e+07 7.83272e+07
8.30099e+07 7.83272e+07
1.67009e+07 1.46752e+07
-3.02249e+07 -4.22536e+07
7.19305e+07 8.47239e+07
-4.54767e+07 -4.22536e+07
4.04603e+06 3.92086e+06
-2.31302e+07 -3.75506e+07
-3.36867e+07 -3.75506e+07
3.88732e+06 3.92086e+06
7.9197e+06 1.48908e+07
-3.78508e+07 -4.66564e+07
1.65764e+07 1.48908e+07
1.21236e+07 1.73179e+07
1.23725e+07 1.73179e+07
3.96668e+06 3.87505e+06




Configuratia nr: 30



7.15243e+06 7.4989e+06
2.56685e+07 1.62023e+07
2.6358e+07 1.62023e+07
1.76891e+07 2.08092e+07
-7.38062e+07 -5.75719e+07
3.43374e+07 2.08092e+07
7.45248e+06 7.32566e+06
-5.58565e+07 -4.80632e+07
-7.71485e+07 -4.80632e+07
6.85237e+06 7.32566e+06
-5.97469e+07 -6.56891e+07
1.53701e+08 1.28758e+08
-8.78655e+07 -6.56891e+07
1.73444e+07 2.14063e+07
1.321e+08 1.41229e+08
1.75302e+08 1.41229e+08
3.46821e+07 2.14063e+07
-4.52106e+07 -6.65025e+07
-4.35427e+08 -4.35427e+08
-8.77945e+07 -6.65025e+07
1.73444e+07 3.06202e+07
1.321e+08 1.66172e+08
1.75302e+08 1.66172e+08
3.46821e+07 3.06202e+07
-5.97469e+07 -8.19233e+07
1.53701e+08 1.78644e+08
-8.78655e+07 -8.19233e+07
7.45248e+06 6.97919e+06
-5.58565e+07 -8.49419e+07
-7.71485e+07 -8.49419e+07
6.85237e+06 6.97919e+06
1.76891e+07 3.12173e+07
-7.38062e+07 -9.00405e+07
3.43374e+07 3.12173e+07
2.56685e+07 3.58242e+07
2.6358e+07 3.58242e+07
7.15243e+06 6.80595e+06




Configuratia nr: 31



1.24705e+07 1.34906e+07
5.4503e+07 3.64103e+07
5.6297e+07 3.64103e+07
3.94029e+07 4.51283e+07
-1.42967e+08 -1.13225e+08
7.13971e+07 4.51283e+07
1.33539e+07 1.29805e+07
-1.33204e+08 -1.17451e+08
-1.76242e+08 -1.17451e+08
1.15871e+07 1.29805e+07
-1.1721e+08 -1.28096e+08
3.28857e+08 2.80174e+08
-1.68724e+08 -1.28096e+08
3.85059e+07 4.6682e+07
2.86696e+08 3.04516e+08
3.71017e+08 3.04516e+08
7.22941e+07 4.6682e+07
-1.11685e+08 -1.54723e+08
-9.26627e+08 -9.26627e+08
-1.97761e+08 -1.54723e+08
3.85059e+07 6.41181e+07
2.86696e+08 3.53198e+08
3.71017e+08 3.53198e+08
7.22941e+07 6.41181e+07
-1.1721e+08 -1.57838e+08
3.28857e+08 3.7754e+08
-1.68724e+08 -1.57838e+08
1.33539e+07 1.19605e+07
-1.33204e+08 -1.91995e+08
-1.76242e+08 -1.91995e+08
1.15871e+07 1.19605e+07
3.94029e+07 6.56717e+07
-1.42967e+08 -1.72709e+08
7.13971e+07 6.56717e+07
5.4503e+07 7.43898e+07
5.6297e+07 7.43898e+07
1.24705e+07 1.14505e+07




Configuratia nr: 32



2.06668e+07 2.33658e+07
1.16038e+08 8.15101e+07
1.20513e+08 8.15101e+07
8.75547e+07 9.79549e+07
-2.74695e+08 -2.20623e+08
1.48997e+08 9.79549e+07
2.30042e+07 2.20163e+07
-3.14467e+08 -2.82556e+08
-4.01649e+08 -2.82556e+08
1.83293e+07 2.20163e+07
-2.27867e+08 -2.47659e+08
7.04527e+08 6.09399e+08
-3.21523e+08 -2.47659e+08
8.53169e+07 1.01831e+08
6.22144e+08 6.56963e+08
7.8691e+08 6.56963e+08
1.51234e+08 1.01831e+08
-2.70875e+08 -3.58058e+08
-1.97395e+09 -1.97395e+09
-4.4524e+08 -3.58058e+08
8.53169e+07 1.3472e+08
6.22144e+08 7.52091e+08
7.8691e+08 7.52091e+08
1.51234e+08 1.3472e+08
-2.27867e+08 -3.01731e+08
7.04527e+08 7.99655e+08
-3.21523e+08 -3.01731e+08
2.30042e+07 1.93172e+07
-3.14467e+08 -4.3356e+08
-4.01649e+08 -4.3356e+08
1.83293e+07 1.93172e+07
8.75547e+07 1.38596e+08
-2.74695e+08 -3.28767e+08
1.48997e+08 1.38596e+08
1.16038e+08 1.55041e+08
1.20513e+08 1.55041e+08
2.06668e+07 1.79677e+07




Configuratia nr: 33



3.14395e+07 3.81715e+07
2.47658e+08 1.81872e+08
2.58491e+08 1.81872e+08
1.9412e+08 2.12782e+08
-5.22499e+08 -4.25117e+08
3.1203e+08 2.12782e+08
3.72696e+07 3.48055e+07
-7.36274e+08 -6.71495e+08
-9.13254e+08 -6.71495e+08
2.56094e+07 3.48055e+07
-4.38164e+08 -4.73808e+08
1.51126e+09 1.32515e+09
-6.06834e+08 -4.73808e+08
1.88703e+08 2.22164e+08
1.35008e+09 1.41821e+09
1.67244e+09 1.41821e+09
3.17446e+08 2.22164e+08
-6.47784e+08 -8.24764e+08
-4.20953e+09 -4.20953e+09
-1.00174e+09 -8.24764e+08
1.88703e+08 2.83985e+08
1.35008e+09 1.60432e+09
1.67244e+09 1.60432e+09
3.17446e+08 2.83985e+08
-4.38164e+08 -5.7119e+08
1.51126e+09 1.69737e+09
-6.06834e+08 -5.7119e+08
3.72696e+07 2.80735e+07
-7.36274e+08 -9.78034e+08
-9.13254e+08 -9.78034e+08
2.56094e+07 2.80735e+07
1.9412e+08 2.93367e+08
-5.22499e+08 -6.19881e+08
3.1203e+08 2.93367e+08
2.47658e+08 3.24277e+08
2.58491e+08 3.24277e+08
3.14395e+07 2.47075e+07




Configuratia nr: 34



4.01025e+07 5.62777e+07
5.29788e+08 4.04657e+08
5.55419e+08 4.04657e+08
4.29546e+08 4.62532e+08
-9.81249e+08 -8.07936e+08
6.55661e+08 4.62532e+08
5.41106e+07 4.81901e+07
-1.71205e+09 -1.58027e+09
-2.07208e+09 -1.58027e+09
2.60944e+07 4.81901e+07
-8.31155e+08 -8.94593e+08
3.24582e+09 2.88123e+09
-1.13134e+09 -8.94593e+08
4.16731e+08 4.84729e+08
2.93007e+09 3.06352e+09
3.56157e+09 3.06352e+09
6.68477e+08 4.84729e+08
-1.53204e+09 -1.89206e+09
-8.98692e+09 -8.98692e+09
-2.25209e+09 -1.89206e+09
4.16731e+08 6.00478e+08
2.93007e+09 3.42812e+09
3.56157e+09 3.42812e+09
6.68477e+08 6.00478e+08
-8.31155e+08 -1.06791e+09
3.24582e+09 3.61042e+09
-1.13134e+09 -1.06791e+09
5.41106e+07 3.2015e+07
-1.71205e+09 -2.20385e+09
-2.07208e+09 -2.20385e+09
2.60944e+07 3.2015e+07
4.29546e+08 6.22676e+08
-9.81249e+08 -1.15456e+09
6.55661e+08 6.22676e+08
5.29788e+08 6.8055e+08
5.55419e+08 6.8055e+08
4.01025e+07 2.39274e+07




Configuratia nr: 35



2.80156e+07 6.58976e+07
1.13574e+09 8.98162e+08
1.19532e+09 8.98162e+08
9.48877e+08 1.00605e+09
-1.81257e+09 -1.50879e+09
1.38218e+09 1.00605e+09
6.08224e+07 4.69566e+07
-3.95802e+09 -3.6894e+09
-4.69191e+09 -3.6894e+09
-4.79118e+06 4.69566e+07
-1.54948e+09 -1.66068e+09
6.97979e+09 6.26455e+09
-2.07565e+09 -1.66068e+09
9.19087e+08 1.05764e+09
6.36038e+09 6.62217e+09
7.59921e+09 6.62217e+09
1.41197e+09 1.05764e+09
-3.59108e+09 -4.32497e+09
-1.9208e+10 -1.9208e+10
-5.05886e+09 -4.32497e+09
9.19087e+08 1.27341e+09
6.36038e+09 7.33741e+09
7.59921e+09 7.33741e+09
1.41197e+09 1.27341e+09
-1.54948e+09 -1.96446e+09
6.97979e+09 7.69503e+09
-2.07565e+09 -1.96446e+09
6.08224e+07 9.0746e+06
-3.95802e+09 -4.96053e+09
-4.69191e+09 -4.96053e+09
-4.79118e+06 9.0746e+06
9.48877e+08 1.32501e+09
-1.81257e+09 -2.11635e+09
1.38218e+09 1.32501e+09
1.13574e+09 1.43289e+09
1.19532e+09 1.43289e+09
2.80156e+07 -9.86641e+06




Configuratia nr: 36



-6.30839e+07 2.40048e+07
2.43958e+09 1.98941e+09
2.57615e+09 1.98941e+09
2.09301e+09 2.1895e+09
-3.27489e+09 -2.7531e+09
2.92271e+09 2.1895e+09
1.23371e+07 -1.95396e+07
-9.1054e+09 -8.55672e+09
-1.06044e+10 -8.55672e+09
-1.38505e+08 -1.95396e+07
-2.82301e+09 -3.01399e+09
1.50274e+10 1.36222e+10
-3.72677e+09 -3.01399e+09
2.02473e+09 2.30777e+09
1.38105e+10 1.43248e+10
1.62443e+10 1.43248e+10
2.991e+09 2.30777e+09
-8.35589e+09 -9.8549e+09
-4.11013e+10 -4.11013e+10
-1.13539e+10 -9.8549e+09
2.02473e+09 2.70795e+09
1.38105e+10 1.57299e+10
1.62443e+10 1.57299e+10
2.991e+09 2.70795e+09
-2.82301e+09 -3.53578e+09
1.50274e+10 1.64325e+10
-3.72677e+09 -3.53578e+09
1.23371e+07 -1.06628e+08
-9.1054e+09 -1.11531e+10
-1.06044e+10 -1.11531e+10
-1.38505e+08 -1.06628e+08
2.09301e+09 2.82622e+09
-3.27489e+09 -3.79667e+09
2.92271e+09 2.82622e+09
2.43958e+09 3.02631e+09
2.57615e+09 3.02631e+09
-6.30839e+07 -1.50173e+08




Configuratia nr: 37



-3.97115e+08 -1.99683e+08
5.24992e+09 4.39879e+09
5.55941e+09 4.39879e+09
4.61093e+09 4.76771e+09
-5.73638e+09 -4.8649e+09
6.19841e+09 4.76771e+09
-2.26134e+08 -2.98399e+08
-2.08584e+10 -1.97355e+10
-2.39262e+10 -1.97355e+10
-5.68095e+08 -2.98399e+08
-4.98165e+09 -5.30064e+09
3.23917e+10 2.96269e+10
-6.4911e+09 -5.30064e+09
4.45618e+09 5.03574e+09
2.99973e+10 3.10093e+10
3.47862e+10 3.10093e+10
6.35315e+09 5.03574e+09
-1.93245e+10 -2.23923e+10
-8.80515e+10 -8.80515e+10
-2.54601e+10 -2.23923e+10
4.45618e+09 5.77359e+09
2.99973e+10 3.37742e+10
3.47862e+10 3.37742e+10
6.35315e+09 5.77359e+09
-4.98165e+09 -6.17212e+09
3.23917e+10 3.51566e+10
-6.4911e+09 -6.17212e+09
-2.26134e+08 -4.9583e+08
-2.08584e+10 -2.50491e+10
-2.39262e+10 -2.50491e+10
-5.68095e+08 -4.9583e+08
4.61093e+09 6.04162e+09
-5.73638e+09 -6.60786e+09
6.19841e+09 6.04162e+09
5.24992e+09 6.41054e+09
5.55941e+09 6.41054e+09
-3.97115e+08 -5.94546e+08




Configuratia nr: 38



-1.40875e+09 -9.66006e+08
1.13172e+10 9.7119e+09
1.2012e+10 9.7119e+09
1.01472e+10 1.03874e+10
-9.59338e+09 -8.19644e+09
1.3182e+10 1.03874e+10
-1.02532e+09 -1.18738e+09
-4.76074e+10 -4.5305e+10
-5.38977e+10 -4.5305e+10
-1.79217e+09 -1.18738e+09
-8.38359e+09 -8.89491e+09
6.99013e+10 6.44524e+10
-1.08032e+10 -8.89491e+09
9.79981e+09 1.09891e+10
6.51824e+10 6.71768e+10
7.46203e+10 6.71768e+10
1.35294e+10 1.09891e+10
-4.44622e+10 -5.07526e+10
-1.88855e+11 -1.88855e+11
-5.70429e+10 -5.07526e+10
9.79981e+09 1.23401e+10
6.51824e+10 7.26258e+10
7.46203e+10 7.26258e+10
1.35294e+10 1.23401e+10
-8.38359e+09 -1.02919e+10
6.99013e+10 7.53503e+10
-1.08032e+10 -1.02919e+10
-1.02532e+09 -1.63012e+09
-4.76074e+10 -5.62002e+10
-5.38977e+10 -5.62002e+10
-1.79217e+09 -1.63012e+09
1.01472e+10 1.29418e+10
-9.59338e+09 -1.09903e+10
1.3182e+10 1.29418e+10
1.13172e+10 1.36173e+10
1.2012e+10 1.36173e+10
-1.40875e+09 -1.85149e+09




Configuratia nr: 39



-4.20772e+09 -3.22342e+09
2.44356e+10 2.14162e+10
2.59834e+10 2.14162e+10
2.23114e+10 2.26426e+10
-1.48637e+10 -1.27671e+10
2.81076e+10 2.26426e+10
-3.35529e+09 -3.71557e+09
-1.08313e+11 -1.03584e+11
-1.21235e+11 -1.03584e+11
-5.06015e+09 -3.71557e+09
-1.3048e+10 -1.38154e+10
1.51016e+11 1.40259e+11
-1.66794e+10 -1.38154e+10
2.15375e+10 2.39831e+10
1.417e+11 1.45638e+11
1.60332e+11 1.45638e+11
2.88815e+10 2.39831e+10
-1.01852e+11 -1.14774e+11
-4.05537e+11 -4.05537e+11
-1.27696e+11 -1.14774e+11
2.15375e+10 2.64359e+10
1.417e+11 1.56395e+11
1.60332e+11 1.56395e+11
2.88815e+10 2.64359e+10
-1.3048e+10 -1.5912e+10
1.51016e+11 1.61773e+11
-1.66794e+10 -1.5912e+10
-3.35529e+09 -4.69987e+09
-1.08313e+11 -1.25965e+11
-1.21235e+11 -1.25965e+11
-5.06015e+09 -4.69987e+09
2.23114e+10 2.77763e+10
-1.48637e+10 -1.69603e+10
2.81076e+10 2.77763e+10
2.44356e+10 2.90027e+10
2.59834e+10 2.90027e+10
-4.20772e+09 -5.19202e+09




Configuratia nr: 40



-1.15536e+10 -9.38056e+09
5.28397e+10 4.71783e+10
5.62648e+10 4.71783e+10
4.90225e+10 4.93821e+10
-1.98219e+10 -1.70369e+10
6.00819e+10 4.93821e+10
-9.67169e+09 -1.04671e+10
-2.4574e+11 -2.36007e+11
-2.72331e+11 -2.36007e+11
-1.34354e+10 -1.04671e+10
-1.74101e+10 -1.84294e+10
3.26615e+11 3.05341e+11
-2.22338e+10 -1.84294e+10
4.731e+10 5.23484e+10
3.08191e+11 3.15978e+11
3.45038e+11 3.15978e+11
6.17945e+10 5.23484e+10
-2.32444e+11 -2.59035e+11
-8.71849e+11 -8.71849e+11
-2.85626e+11 -2.59035e+11
4.731e+10 5.6756e+10
3.08191e+11 3.37251e+11
3.45038e+11 3.37251e+11
6.17945e+10 5.6756e+10
-1.74101e+10 -2.12144e+10
3.26615e+11 3.47888e+11
-2.22338e+10 -2.12144e+10
-9.67169e+09 -1.26401e+10
-2.4574e+11 -2.82064e+11
-2.72331e+11 -2.82064e+11
-1.34354e+10 -1.26401e+10
4.90225e+10 5.97223e+10
-1.98219e+10 -2.26069e+10
6.00819e+10 5.97223e+10
5.28397e+10 6.19261e+10
5.62648e+10 6.19261e+10
-1.15536e+10 -1.37266e+10




Configuratia nr: 41



-3.0177e+10 -2.54074e+10
1.14422e+11 1.03845e+11
1.21959e+11 1.03845e+11
1.07651e+11 1.07754e+11
-1.70256e+10 -1.43058e+10
1.2873e+11 1.07754e+11
-2.60464e+10 -2.77922e+10
-5.56161e+11 -5.36098e+11
-6.10974e+11 -5.36098e+11
-3.43076e+10 -2.77922e+10
-1.46701e+10 -1.56657e+10
7.07144e+11 6.64997e+11
-1.9381e+10 -1.56657e+10
1.03882e+11 1.14281e+11
6.70644e+11 6.86071e+11
7.43644e+11 6.86071e+11
1.32499e+11 1.14281e+11
-5.28754e+11 -5.83568e+11
-1.87653e+12 -1.87653e+12
-6.38381e+11 -5.83568e+11
1.03882e+11 1.22099e+11
6.70644e+11 7.28218e+11
7.43644e+11 7.28218e+11
1.32499e+11 1.22099e+11
-1.46701e+10 -1.83855e+10
7.07144e+11 7.49291e+11
-1.9381e+10 -1.83855e+10
-2.60464e+10 -3.25618e+10
-5.56161e+11 -6.31037e+11
-6.10974e+11 -6.31037e+11
-3.43076e+10 -3.25618e+10
1.07651e+11 1.28627e+11
-1.70256e+10 -1.97454e+10
1.2873e+11 1.28627e+11
1.14422e+11 1.32536e+11
1.21959e+11 1.32536e+11
-3.0177e+10 -3.49466e+10




Configuratia nr: 42



-7.62539e+10 -6.58353e+10
2.48101e+11 2.28422e+11
2.64609e+11 2.28422e+11
2.36291e+11 2.35241e+11
1.74387e+10 1.70972e+10
2.76419e+11 2.35241e+11
-6.72311e+10 -7.10446e+10
-1.25597e+12 -1.21455e+12
-1.36914e+12 -1.21455e+12
-8.52767e+10 -7.10446e+10
1.71429e+10 1.7268e+10
1.53259e+12 1.44893e+12
1.77345e+10 1.7268e+10
2.28037e+11 2.49537e+11
1.46014e+12 1.49076e+12
1.60504e+12 1.49076e+12
2.84673e+11 2.49537e+11
-1.19938e+12 -1.31256e+12
-4.04358e+12 -4.04358e+12
-1.42573e+12 -1.31256e+12
2.28037e+11 2.63174e+11
1.46014e+12 1.57442e+12
1.60504e+12 1.57442e+12
2.84673e+11 2.63174e+11
1.71429e+10 1.76095e+10
1.53259e+12 1.61625e+12
1.77345e+10 1.76095e+10
-6.72311e+10 -8.14632e+10
-1.25597e+12 -1.41057e+12
-1.36914e+12 -1.41057e+12
-8.52767e+10 -8.14632e+10
2.36291e+11 2.7747e+11
1.74387e+10 1.77803e+10
2.76419e+11 2.7747e+11
2.48101e+11 2.84288e+11
2.64609e+11 2.84288e+11
-7.62539e+10 -8.66726e+10




Configuratia nr: 43



-1.88212e+11 -1.65546e+11
5.38625e+11 5.02188e+11
5.7463e+11 5.02188e+11
5.18483e+11 5.13817e+11
1.51775e+11 1.39341e+11
5.94773e+11 5.13817e+11
-1.68583e+11 -1.76879e+11
-2.83085e+12 -2.74519e+12
-3.06488e+12 -2.74519e+12
-2.07841e+11 -1.76879e+11
1.41007e+11 1.45558e+11
3.32488e+12 3.1585e+12
1.62544e+11 1.45558e+11
5.0048e+11 5.44998e+11
3.18079e+12 3.24169e+12
3.46898e+12 3.24169e+12
6.12775e+11 5.44998e+11
-2.71383e+12 -2.94787e+12
-8.72301e+12 -8.72301e+12
-3.1819e+12 -2.94787e+12
5.0048e+11 5.68257e+11
3.18079e+12 3.40807e+12
3.46898e+12 3.40807e+12
6.12775e+11 5.68257e+11
1.41007e+11 1.57992e+11
3.32488e+12 3.49127e+12
1.62544e+11 1.57992e+11
-1.68583e+11 -1.99545e+11
-2.83085e+12 -3.15054e+12
-3.06488e+12 -3.15054e+12
-2.07841e+11 -1.99545e+11
5.18483e+11 5.99438e+11
1.51775e+11 1.6421e+11
5.94773e+11 5.99438e+11
5.38625e+11 6.11067e+11
5.7463e+11 6.11067e+11
-1.88212e+11 -2.10878e+11




Configuratia nr: 44



-4.56488e+11 -4.07349e+11
1.17071e+12 1.10363e+12
1.24896e+12 1.10363e+12
1.13742e+12 1.12285e+12
5.68305e+11 5.19501e+11
1.28224e+12 1.12285e+12
-4.13932e+11 -4.31918e+11
-6.36949e+12 -6.19209e+12
-6.85415e+12 -6.19209e+12
-4.99044e+11 -4.31918e+11
5.26039e+11 5.43903e+11
7.22009e+12 6.88852e+12
6.1057e+11 5.43903e+11
1.09829e+12 1.19061e+12
6.93294e+12 7.05431e+12
7.50725e+12 7.05431e+12
1.32137e+12 1.19061e+12
-6.12715e+12 -6.61182e+12
-1.88385e+13 -1.88385e+13
-7.09649e+12 -6.61182e+12
1.09829e+12 1.22905e+12
6.93294e+12 7.38588e+12
7.50725e+12 7.38588e+12
1.32137e+12 1.22905e+12
5.26039e+11 5.92707e+11
7.22009e+12 7.55167e+12
6.1057e+11 5.92707e+11
-4.13932e+11 -4.81057e+11
-6.36949e+12 -7.03156e+12
-6.85415e+12 -7.03156e+12
-4.99044e+11 -4.81057e+11
1.13742e+12 1.29682e+12
5.68305e+11 6.17109e+11
1.28224e+12 1.29682e+12
1.17071e+12 1.31604e+12
1.24896e+12 1.31604e+12
-4.56488e+11 -5.05627e+11
